0 0.091965 0.385747 0.169353 0.485464
0 0.205182 0.385747 0.154382 0.489475
0 0.246820 0.679637 0.196491 0.351063
0 0.194419 0.846144 0.218945 0.306931
0 0.271616 0.214226 0.247954 0.310956
0 0.311365 0.442894 0.194595 0.254724
0 0.357228 0.581339 0.187137 0.238721
0 0.382024 0.807026 0.145028 0.308937
0 0.496642 0.223970 0.134739 0.447941
0 0.497577 0.457968 0.144093 0.284872
0 0.530785 0.838102 0.133785 0.319004
0 0.643092 0.828096 0.154357 0.302921
0 0.723076 0.667598 0.261984 0.302921
0 0.650094 0.421857 0.207721 0.429314
