0 0.931252 0.171250 0.078462 0.332081
0 0.084005 0.358043 0.093685 0.314987
0 0.225691 0.492336 0.142844 0.275903
0 0.266689 0.264038 0.138186 0.292997
0 0.362125 0.212762 0.118274 0.356492
0 0.604532 0.224974 0.141695 0.161152
0 0.600433 0.351937 0.152241 0.136728
0 0.605703 0.466702 0.158085 0.141623
0 0.603362 0.619306 0.160433 0.207539
0 0.849984 0.674241 0.300031 0.249058
0 0.851742 0.499660 0.296516 0.144058
0 0.839325 0.375131 0.274018 0.144058
0 0.776673 0.271361 0.158092 0.166047
0 0.771403 0.128521 0.142869 0.212435
0 0.868600 0.179797 0.081971 0.314987
